Evaluation

batch_size=10
char_cnn_filter_num=30
char_embeddings_dim=25
char_window_size=3
check_for_lowercase=True
clip_grad=5
cross_fold_id=-1
cross_folds_num=-1
data_io='connl-ner-2003'
dataset_sort=False
dev='data/NER/CoNNL_2003_shared_task/dev.txt'
dropout_ratio=0.5
emb_delimiter=' '
emb_dim=100
emb_fn='embeddings/glove.6B.100d.txt'
emb_load_all=False
epoch_num=150
evaluator='f1-connl'
freeze_char_embeddings=False
freeze_word_embeddings=False
gpu=0
load=None
lr=0.01
lr_decay=0.05
min_epoch_num=50
model='BiRNNCNNCRF'
momentum=0.9
opt='sgd'
patience=10
report_fn='2019_01_19_13-35_01_report.txt'
rnn_hidden_dim=100
rnn_type='LSTM'
save='2019_01_19_13-35_01_tagger.hdf5'
save_best=False
seed_num=42
test='data/NER/CoNNL_2003_shared_task/test.txt'
train='data/NER/CoNNL_2003_shared_task/train.txt'
verbose=True
word_len=20
word_seq_indexer=None

         epoch  |     train loss | f1-connl-train |   f1-connl-dev |  f1-connl-test 
--------------------------------------------------------------------------------------
              0 |           0.00 |           2.05 |           1.87 |           2.35 
              1 |         395.90 |          69.37 |          70.53 |          69.87 
              2 |         188.05 |          80.81 |          81.56 |          78.61 
              3 |         137.46 |          84.62 |          84.43 |          81.60 
              4 |         115.03 |          87.07 |          86.12 |          83.29 
              5 |          97.34 |          88.00 |          87.19 |          83.56 
              6 |          90.09 |          86.53 |          85.23 |          81.55 
              7 |          89.18 |          90.29 |          89.42 |          86.14 
              8 |          74.99 |          91.02 |          89.67 |          86.51 
              9 |          75.06 |          91.27 |          89.88 |          87.13 
             10 |          69.05 |          92.28 |          90.87 |          87.42 
             11 |          67.44 |          87.80 |          86.43 |          82.78 
             12 |          66.52 |          92.57 |          90.62 |          87.29 
             13 |          54.99 |          93.19 |          90.47 |          87.29 
             14 |          48.47 |          92.83 |          89.92 |          86.25 
             15 |          57.26 |          91.94 |          90.03 |          86.02 
             16 |          55.66 |          93.60 |          91.21 |          87.03 
             17 |          47.48 |          94.15 |          91.41 |          87.28 
             18 |          51.09 |          93.38 |          90.19 |          87.16 
             19 |          47.80 |          94.70 |          91.71 |          88.20 
             20 |          43.85 |          93.75 |          90.68 |          86.19 
             21 |          41.36 |          95.02 |          91.83 |          87.67 
             22 |          39.41 |          95.09 |          91.86 |          88.00 
             23 |          39.71 |          95.41 |          91.99 |          88.28 
             24 |          39.95 |          95.31 |          92.09 |          88.62 
             25 |          35.52 |          95.37 |          92.15 |          88.33 
             26 |          35.37 |          96.07 |          93.07 |          89.01 
             27 |          38.43 |          95.17 |          92.16 |          87.82 
             28 |          40.02 |          95.81 |          92.69 |          88.43 
             29 |          33.04 |          95.54 |          92.40 |          88.45 
             30 |          33.25 |          95.55 |          92.32 |          88.10 
             31 |          32.77 |          96.62 |          93.19 |          89.59 
             32 |          34.59 |          94.90 |          91.32 |          87.04 
             33 |          32.12 |          96.53 |          93.29 |          89.59 
             34 |          28.98 |          95.60 |          92.34 |          88.37 
             35 |          31.30 |          96.77 |          93.21 |          89.44 
             36 |          28.02 |          96.35 |          93.01 |          88.64 
             37 |          26.80 |          96.78 |          93.25 |          89.43 
             38 |          33.68 |          96.98 |          93.46 |          89.19 
             39 |          31.00 |          96.86 |          93.35 |          89.22 
             40 |          29.37 |          97.32 |          93.45 |          89.54 
             41 |          25.93 |          97.31 |          93.78 |          89.72 
             42 |          26.08 |          97.13 |          93.36 |          89.51 
             43 |          27.41 |          97.54 |          93.71 |          89.78 
             44 |          27.16 |          97.29 |          93.57 |          89.77 
             45 |          22.28 |          97.51 |          93.83 |          89.58 
             46 |          22.99 |          97.40 |          93.31 |          89.36 
             47 |          23.20 |          97.63 |          93.92 |          90.12 
             48 |          23.77 |          97.53 |          93.68 |          89.42 
             49 |          24.57 |          97.56 |          93.59 |          89.68 
             50 |          22.84 |          97.74 |          93.34 |          89.53 
             51 |          23.20 |          97.33 |          93.00 |          89.17 
             52 |          21.69 |          97.88 |          94.05 |          89.81 
             53 |          20.09 |          97.70 |          93.66 |          89.41 
             54 |          23.27 |          97.59 |          93.66 |          89.34 
             55 |          19.02 |          97.72 |          93.76 |          89.59 
             56 |          23.45 |          97.84 |          93.91 |          89.39 
             57 |          20.97 |          97.89 |          93.88 |          89.75 
             58 |          21.34 |          97.87 |          94.02 |          89.70 
             59 |          19.90 |          97.94 |          93.52 |          89.50 
             60 |          23.31 |          97.80 |          93.68 |          89.88 
             61 |          21.26 |          97.99 |          93.82 |          89.97 
             62 |          17.45 |          97.56 |          93.25 |          89.23 
             63 |          20.85 |          98.34 |          94.03 |          90.42 
--------------------------------------------------------------------------------------
Final eval on test, f1-connl test = 90.42)
--------------------------------------------------------------------------------------
Standard CoNNL perl script (author: Erik Tjong Kim Sang <erikt@uia.ua.ac.be>, version: 2004-01-26):
processed 46435 tokens with 5648 phrases; found: 5650 phrases; correct: 5108.
accuracy:  97.96%; precision:  90.41%; recall:  90.44%; FB1:  90.42
              LOC: precision:  91.99%; recall:  92.99%; FB1:  92.49  1686
             MISC: precision:  79.29%; recall:  79.06%; FB1:  79.17  700
              ORG: precision:  88.38%; recall:  87.96%; FB1:  88.17  1653
              PER: precision:  95.65%; recall:  95.30%; FB1:  95.48  1611


Input arguments:
python3 main.py